Arachania _ 567 ,   beach ,  WetWeight ,  BOX(-54.1552017476997 -34.6514030913829,-54.1221955301155 -34.5943170045543) ,  Lercari D.,Bergamino L.,Defeo O.(2010). Trophic models in sandy beaches with contrasting morphodynamics: comparing ecosystem structure and biomass flow Ecological Modelling. pp 2751-2759   
9 8 
Fishes 
Atlantorchestoidea brasiliensis 
Hemipodus olivieri 
Excirolana braziliensis 
Emerita brasiliensis 
Donax hanleyanus 
Zooplankton 
Phytoplankton PrimProd 
Detritus 
1 1.15792787
2 0.465096116
3 0.7094777
4 0.169440761
5 4.483127
6 20.132473
7 2.580918
8 16.8376579
9 141.475
-1 
1 4.51316908627599
2 0.0
3 0.0
4 0.0
5 0.0
6 0.0
7 0.0
8 10295.5239917498
9 0.0
-1 
1 0.0
2 0.0
3 0.0
4 0.0
5 0.0
6 0.0
7 0.0
8 0.0
9 8234.43103825628
-1 
1 2.94779253
2 77.8986053
3 8.437465
4 10.5591841
5 7.23174334
6 83.0303955
7 350.775879
8 1715.92066529163
9 0.0
-1 
1 9 2.410715 
2 1 0.06957641 
2 9 20.758 
3 1 0.06957641 
3 9 5.135428 
4 1 0.06957641 
4 9 3.439057 
5 1 0.06957641 
5 3 13.34277 
5 9 8.378021 
6 1 0.06957641 
6 3 13.34277 
6 9 54.83711 
7 1 0.06957641 
7 5 0.02900502 
7 6 0.136873 
7 7 0.808387 
7 9 455.1022 
8 5 0.02900502 
8 6 0.136873 
8 7 0.808387 
8 9 7811.482 
9 1 0.06957641 
9 2 98.72565 
9 3 13.34277 
9 4 13.99936 
9 5 0.02900502 
9 6 0.136873 
9 7 0.808387 
-1 
