AGGREGATED BALTIC ECOSYSTEM; F. WULFF; MG-C/M2/DAY 
15 14 
PELAGIC PRODUCTION 
BENTHIC PRODUCTION 
PELAGIC BACTERIA 
MICROZOOPLANKTON 
INVERTEBRATE CARNIVORES 
MESOZOOPLANKTON 
BENTH. SUSPENSION FEEDERS 
MEIOFAUNA 
DEPOSIT FEEDERS 
BENT. INVTBRT. CARNIVORES 
FILTER FEEDING FISH 
CARNIVOROUS FISH 
DOC POOL 
SUSPENDED POC 
SEDIMENT POC 
1 1066.0
2 21.418
3 210.2137
4 69.75778
5 5.467852
6 202.513
7 3448.311
8 279.1077
9 1817.268
10 94.61108
11 585.146
12 504.6653
13 265500.0
14 10545.5
15 608519.6
-1 
1 569.9
2 17.81
3 0.0
4 0.0
5 0.0
6 0.0
7 0.0
8 0.0
9 0.0
10 0.0
11 0.0
12 0.0
13 5.6
14 10.0
15 0.0
-1 
1 0.0
2 0.0
3 0.0
4 0.0
5 0.0
6 0.0
7 0.0
8 0.0
9 0.0
10 0.0
11 0.4663787
12 0.01180504
13 0.0
14 0.0
15 4.958014
-1 
1 131.5
2 4.11
3 58.01898
4 82.06797
5 5.547844
6 162.5471
7 30.79486
8 10.2273
9 25.10038
10 1.414186
11 4.842421
12 2.632523
13 0.0
14 3.979435
15 75.09269
-1 
1 4 80.0 
1 6 142.4 
1 7 50.0 
1 13 71.2 
1 14 94.8 
2 15 13.7 
3 4 86.18761 
4 6 42.05983 
4 14 42.05983 
5 11 2.09601 
5 12 0.3554104 
5 14 3.138952 
6 5 11.13822 
6 11 5.670364 
6 14 150.4368 
7 10 0.6256136 
7 12 1.570479 
7 15 36.30344 
8 9 3.280433 
8 10 0.5074656 
8 15 14.0152 
9 9 7.547183 
9 10 1.004015 
9 11 2.771082 
9 12 0.5552204 
9 15 35.97387 
10 10 0.3585262 
10 12 0.105566 
10 15 0.6174617 
11 12 1.2234 
11 15 4.005257 
12 15 1.165747 
13 3 76.8 
14 3 67.40656 
14 6 145.3326 
14 7 19.29359 
14 15 64.42331 
15 8 28.0303 
15 9 62.12347 
-1 
