Bay of Biscay _ 335 ,   continental shelf ,  kgC/km² ,  BOX(-8.00000002711554 43.0000004887997,-2.45344189409025e-08 48.0000000024435) ,  Lassalle G.,Gascuel D., Lobry J.,Pierce G.J.,Ridoux V.,Santos M.B.,Spitz J.,Niquil N.(2012). An ecosystem approach for the assessment of fisheries impacts on marine top predators: the Bay of Biscay case study ICES Journal of Marine Science: Journal du Conseil. pp 925-938   
32 30 
Pursuit divers seabirds 
Surface feeders seabirds 
Striped dolphins 
Bottlenose dolphins 
Common dolphins 
Long-finned pilot whales 
Harbour porpoises 
Piscivorous demersal fish 
Piscivorous and benthivorous demersal fish 
Suprabenthivorous demersal fish 
Benthivorous demersal fish 
Mackerel 
Horse mackerel 
Anchovy 
Sardine 
Sprat 
Benthic cephalopods 
Pelagic cephalopods 
Carnivorous benthic invertebrates 
Necrophagous benthic invertebrates 
Sub-surface deposit feeders invertebrates 
Surface suspension and deposit feeders inv 
Benthic meiofauna 
Suprabenthic invertebrates 
Macrozooplankton 
Mesozooplankton 
Microzooplankton 
Bacteria 
Large phytoplankton PrimProd 
Small phytoplankton PrimProd 
Discards 
Detritus 
1 0.268
2 0.073
3 0.585
4 2.18
5 1.443
6 0.829
7 0.117
8 48.45
9 130.02
10 311.2
11 28.97
12 145.93
13 262.21
14 55.75
15 184.23
16 49.78
17 10.3892994
18 14.1088381
19 116.75
20 16.97
21 234.83
22 223.93
23 100.0
24 38.0
25 120.0
26 638.0
27 894.0
28 394.0
29 1046.0
30 448.0
31 46.67
32 2800.0
-1 
1 0.0
2 0.0
3 3.23622117
4 0.0
5 0.0
6 4.79166974
7 0.01428219
8 0.0
9 0.0
10 0.0
11 0.0
12 0.0
13 0.0
14 0.0
15 0.0
16 0.0
17 0.0
18 0.0
19 0.0
20 0.0
21 0.0
22 0.0
23 0.0
24 0.0
25 0.0
26 0.0
27 0.0
28 0.0
29 149368.8
30 81177.6
31 46.67
32 454.0
-1 
1 0.0
2 0.0
3 0.0
4 0.0
5 0.101
6 0.0
7 0.0078
8 10.42
9 24.5
10 27.43
11 5.2
12 6.72999954
13 17.82
14 16.8
15 10.82
16 0.0
17 3.53
18 1.99
19 4.0
20 0.0
21 0.0
22 0.0
23 0.0
24 0.0
25 0.0
26 0.0
27 0.0
28 0.0
29 0.0
30 0.0
31 0.0
32 6765.10322556317
-1 
1 12.3381844
2 4.078802
3 9.686196
4 37.61808
5 30.0317154
6 6.816038
7 3.799224
8 48.07306
9 270.311584
10 1148.32813
11 102.322052
12 397.630066
13 704.5582
14 285.8414
15 1196.02112
16 394.85495
17 29.6095047
18 39.5047455
19 805.575
20 181.748688
21 939.319946
22 1881.012
23 2000.0
24 2280.0
25 1999.88867
26 22158.3555
27 129350.359
28 19418.5742
29 24894.8
30 13529.6
31 0.0
32 0.0
-1 
1 32 3.114696 
2 32 1.027913 
3 32 2.480049 
4 32 9.62252 
5 32 7.551229 
6 32 1.755822 
7 32 0.953706 
8 3 0.1703274 
8 4 19.03796 
8 5 0.5652592 
8 6 0.01714372 
8 7 0.05236803 
8 32 19.93986 
9 3 1.180126 
9 4 9.44812 
9 5 1.168202 
9 6 0.7286081 
9 7 1.142575 
9 8 15.72416 
9 9 13.34005 
9 11 1.596247 
9 17 4.363506 
9 18 10.58163 
9 32 90.5836 
10 1 1.545288 
10 3 4.197355 
10 4 0.3306842 
10 5 0.1507358 
10 6 0.05143116 
10 7 1.028318 
10 8 18.67244 
10 9 28.90345 
10 10 8.2468 
10 11 4.788741 
10 12 10.91556 
10 13 10.4884 
10 18 7.40714 
10 19 6.713125 
10 32 370.1626 
11 3 1.800604 
11 4 4.72406 
11 5 1.205886 
11 7 0.05712876 
11 8 4.913799 
11 9 4.446684 
11 11 1.596247 
11 17 0.1454502 
11 32 33.2128 
12 1 1.390759 
12 2 0.35747 
12 4 1.086534 
12 5 2.110301 
12 6 0.03428744 
12 7 0.04284657 
12 8 8.844838 
12 9 40.02016 
12 10 8.2468 
12 12 19.26276 
12 13 5.2442 
12 18 20.10509 
12 32 130.9859 
13 1 2.163403 
13 2 0.35747 
13 4 6.235759 
13 5 1.884197 
13 6 0.3343025 
13 7 1.313961 
13 8 19.6552 
13 9 44.46684 
13 10 8.2468 
13 11 3.192494 
13 12 12.84184 
13 13 5.2442 
13 18 8.994384 
13 32 211.5309 
14 1 1.081702 
14 2 0.6638729 
14 3 0.02433249 
14 4 0.0944812 
14 5 8.516572 
14 7 0.01428219 
14 8 13.26726 
14 9 14.22939 
14 10 8.2468 
14 12 7.063012 
14 13 5.2442 
14 18 8.465303 
14 32 114.5804 
15 1 5.872094 
15 2 1.07241 
15 4 1.464459 
15 5 16.92009 
15 6 0.05143116 
15 7 1.014035 
15 8 11.79312 
15 9 22.23342 
15 10 8.2468 
15 12 5.778828 
15 13 7.34188 
15 18 6.031528 
15 32 356.9607 
16 1 2.163403 
16 2 0.5617386 
16 4 0.4251654 
16 5 3.014716 
16 8 5.405179 
16 9 8.004031 
16 10 8.2468 
16 12 4.494644 
16 13 5.2442 
16 18 7.724589 
16 32 136.8108 
17 3 0.07299747 
17 5 1.205886 
17 6 2.082962 
17 7 0.04284657 
17 9 4.446684 
17 10 3.29872 
17 11 0.4788741 
17 17 2.909004 
17 18 3.70357 
17 19 5.3705 
17 32 15.97355 
18 3 1.484282 
18 4 4.393376 
18 5 0.9420986 
18 6 0.05143116 
18 7 0.03808584 
18 9 2.223342 
18 10 4.94808 
18 11 1.117373 
18 12 3.21046 
18 13 10.4884 
18 18 5.290814 
18 19 6.713125 
18 32 23.42067 
19 9 122.2838 
19 11 31.92494 
19 13 20.9768 
19 17 15.27227 
19 18 5.290814 
19 19 68.47387 
19 32 268.8275 
20 9 8.893368 
20 11 7.981235 
20 19 6.713125 
20 32 54.30457 
21 9 13.34005 
21 11 19.15496 
21 17 5.745283 
21 19 275.2381 
21 32 625.8416 
22 9 104.4971 
22 11 86.19734 
22 17 5.745283 
22 19 362.5088 
22 32 695.0595 
23 19 281.9513 
23 21 638.7376 
23 32 2079.311 
24 9 4.446684 
24 10 626.7568 
24 13 10.4884 
24 17 13.09052 
24 18 9.523466 
24 19 46.99188 
24 32 808.7022 
25 2 0.6128058 
25 6 0.428593 
25 10 288.638 
25 12 136.7656 
25 13 157.326 
25 17 25.45378 
25 18 9.523466 
25 19 80.5575 
25 32 1860.806 
26 10 676.2376 
26 12 420.5703 
26 13 758.3113 
26 14 484.133 
26 15 1321.298 
26 16 576.9502 
26 18 3.174489 
26 19 147.6887 
26 24 190.0 
26 25 912.0 
26 26 2552.0 
26 32 20839.28 
27 12 21.18904 
27 13 52.442 
27 15 148.646 
27 24 190.0 
27 25 912.0 
27 26 25520.0 
27 27 11300.16 
27 32 115009.2 
28 27 36725.52 
28 32 73313.05 
29 15 181.6784 
29 22 1881.012 
29 23 500.0 
29 24 3420.0 
29 25 2736.0 
29 26 15312.0 
29 27 81926.16 
29 32 18517.15 
30 27 50850.72 
30 32 16797.28 
31 1 1.23623 
31 2 1.480947 
31 9 8.893368 
31 11 1.596247 
31 19 13.42625 
31 20 5.19282 
31 32 14.84414 
32 19 40.27875 
32 20 254.4482 
32 21 1239.902 
32 22 1254.008 
32 23 4500.0 
32 26 7656.0 
32 27 101701.4 
32 28 129457.1 
-1 
