Black Sea _ 693 ,   continental shelf ,  Carbon ,  BOX(27.0222442548668 40.4360248288337,42.575397140131 47.0999615184073) ,  Akoglu E.,Salihoglu B.,Libralato S.,Oguz T.,Solidoro C.(2014). An indicator-based evaluation of Black Sea food web dynamics during 1960-2000 Journal of Marine Systems. pp 113-125   
10 9 
Dolphins 
Piscivorous fish 
Demersal fish 
Small pelagic fish 
Aurelia 
Mnemiopsis 
Zooplankton 
Noctiluca 
Phytoplankton PrimProd 
Detritus 
1 0.00999001
2 0.03151951
3 0.121
4 0.538
5 0.112
6 0.821
7 0.54
8 0.736
9 1.95
10 80.0
-1 
1 0.0
2 0.06303902
3 0.0
4 0.0
5 0.0
6 0.0
7 0.0
8 0.0
9 680.94
10 0.0
-1 
1 0.001
2 0.0163
3 0.0241
4 0.17
5 0.0
6 0.0
7 0.0
8 0.0
9 0.0
10 410.294525019421
-1 
1 0.148351654
2 0.1087423
3 0.06897001
4 3.92739987
5 1.38432026
6 10.14756
7 125.28
8 15.9417591
9 113.49
10 0.0
-1 
1 10 0.04045854 
2 1 0.000949051 
2 10 0.03160619 
3 1 0.01803197 
3 3 0.01815 
3 10 0.05224803 
4 1 0.1708292 
4 2 0.09455853 
4 3 0.063525 
4 10 1.491687 
5 10 1.88608 
6 10 13.82564 
7 3 0.0363 
7 4 5.918 
7 5 1.6352 
7 6 11.9866 
7 8 3.99648 
7 10 37.44742 
8 10 10.70144 
9 5 0.32704 
9 6 2.39732 
9 7 111.78 
9 8 15.98592 
9 10 436.9597 
10 3 0.063525 
10 5 1.30816 
10 6 9.58928 
10 7 74.52 
10 8 6.6608 
-1 
