Black Sea _ 692 ,   continental shelf ,  CustomEnergy ,  BOX(27.0222442548668 40.4360248288337,42.575397140131 47.0999615184073) ,  Akoglu E.,Salihoglu B.,Libralato S.,Oguz T.,Solidoro C.(2014). An indicator-based evaluation of Black Sea food web dynamics during 1960-2000 Journal of Marine Systems. pp 113-125   
9 8 
Dolphins 
Piscivorous fish 
Demersal fish 
Small pelagic fish 
Aurelia 
Zooplankton 
Noctiluca 
Phytoplankton PrimProd 
Detritus 
1 0.00999001
2 0.0497926921
3 0.329
4 1.457
5 0.48
6 0.903
7 1.06
8 1.95
9 80.0
-1 
1 0.0
2 0.0995853842
3 0.0
4 0.0
5 0.0
6 0.0
7 0.0
8 680.94
9 0.0
-1 
1 0.001
2 0.0263
3 0.0212
4 0.41
5 0.0
6 0.0
7 0.0
8 0.0
9 317.558930993042
-1 
1 0.148351654
2 0.171784788
3 0.18753
4 10.6361
5 5.93280029
6 209.496
7 22.9595985
8 113.49
9 0.0
-1 
1 9 0.04045854 
2 1 0.000949051 
2 9 0.04992962 
3 1 0.01803197 
3 3 0.04935 
3 9 0.217388 
4 1 0.1708292 
4 2 0.1493781 
4 3 0.172725 
4 9 4.487968 
5 9 8.0832 
6 3 0.0987 
6 4 16.027 
6 5 7.008 
6 7 5.7558 
6 9 73.1495 
7 9 15.4124 
8 5 1.4016 
8 6 186.921 
8 7 23.0232 
8 9 356.1042 
9 3 0.172725 
9 5 5.6064 
9 6 124.614 
9 7 9.593 
-1 
