BlackSea _ 468 ,   continental shelf ,  WetWeight ,  BOX(26.10352 39.12154,42.49512 47.42065) ,  Orek H.(2000). An application of mass balance Ecopath model to the trophic structure in the Black Sea after anchovy collapse    
16 15 
Large pelagics 
Large demersal 
Merlangius 
Mullus and Spicara 
Small pelagics 
Belone and Scomber 
Zoobenthos 
Mesozooplankton 
Ciliates 
Chaetognaths 
Jellies 
Appendicularians 
Noctituca 
Bacteria 
Phytoplankton PrimProd 
Detritus 
1 0.0511111133
2 0.082
3 0.4
4 0.085
5 1.0
6 0.01466968
7 70.0
8 7.454825
9 3.0
10 0.55
11 315.0
12 0.065
13 7.3
14 7.5
15 60.0
16 200.0
-1 
1 0.11006778249155
2 0.0
3 0.0
4 0.0
5 0.0
6 0.0
7 0.0
8 0.0
9 0.0
10 0.0
11 0.0
12 0.0
13 0.0
14 0.0
15 23760.0
16 0.0
-1 
1 0.046
2 0.012
3 0.048
4 0.016
5 0.577
6 0.022
7 0.0
8 0.0
9 0.0
10 0.0
11 0.0
12 0.0
13 0.0
14 0.0
15 0.0
16 12251.5780668181
-1 
1 0.12499734
2 0.1788584
3 2.1512
4 0.3706
5 5.3416
6 0.0436452255
7 385.0
8 894.579
9 420.0
10 16.61
11 346.5
12 1.91099989
13 876.0
14 4599.0
15 3960.0
16 0.0
-1 
1 16 0.04913822 
2 16 0.1505896 
3 1 0.01100678 
3 2 0.2390136 
3 3 0.3504 
3 16 0.7043796 
4 3 0.1752 
4 16 0.167075 
5 1 0.08805423 
5 2 0.0682896 
5 3 1.5768 
5 6 0.1003993 
5 16 2.049857 
6 1 0.01100678 
6 16 0.02374728 
7 2 0.0341448 
7 3 1.4016 
7 4 0.728875 
7 16 312.8354 
8 5 8.23368 
8 10 8.14 
8 11 252.0 
8 16 328.0123 
9 12 4.745 
9 16 475.255 
10 5 0.9802 
10 16 23.1098 
11 16 283.5 
12 5 0.58812 
12 11 1.26 
12 16 0.9858798 
13 10 20.35 
13 11 252.0 
13 16 311.65 
14 9 900.0 
14 11 35.91 
14 13 292.0 
14 16 9503.09 
15 7 350.0 
15 8 1490.965 
15 10 12.21 
15 13 1168.0 
15 16 16778.82 
16 7 350.0 
16 11 88.83 
16 14 15330.0 
-1 
