Bothnian Bay; Sandbert, et al. 2000. Journal of Marine Systems 25: 249-260; g C m-2 yr-1; 
12 12 
Pelagic Producers 
Bacteria 
Microzooplakton 
Mesozooplakton 
Inv. Carnivores 
Pelagic Fish 
Benthis Producers 
Dem. Fish 
Macrofauna 
Meiofauna 
Sedim. C 
DOM 
1 0.17
2 0.04
3 0.01
4 0.1
5 0.003
6 0.21
7 0.01
8 0.05
9 0.11
10 0.17
11 290.0
12 190.0
-1 
1 27.9
2 0.0
3 0.0
4 0.0
5 0.0
6 0.0
7 3.9
8 0.0
9 0.0
10 0.0
11 0.0
12 21.0
-1 
1 0.0
2 0.0
3 0.0
4 0.0
5 0.0
6 0.03
7 0.0
8 0.01
9 0.0
10 0.0
11 0.0
12 0.0
-1 
1 2.8
2 3.0
3 0.6
4 6.0
5 1.05
6 1.1
7 0.9
8 0.11
9 0.55
10 2.24
11 0.0
12 0.0
-1 
1 3 1.0 
1 4 9.6 
1 11 7.5 
1 12 4.0 
2 3 5.0 
3 4 2.4 
3 12 3.0 
4 5 1.7 
4 6 1.01 
4 8 0.11 
4 11 1.59 
4 12 1.59 
5 6 0.38 
5 8 0.01 
5 12 0.26 
6 11 0.44 
7 11 1.5 
7 12 1.5 
8 6 0.02 
8 8 0.01 
8 11 0.06 
9 6 0.16 
9 8 0.09 
9 9 0.04 
9 11 1.18 
10 9 0.79 
10 10 0.04 
10 11 1.25 
11 9 1.19 
11 10 4.28 
12 2 8.0 
12 11 1.05 
-1 
