Bothnian Sea; Sandbert, et al. 2000. Journal of Marine Systems 25: 249-260; g C m-2 yr-1; 
12 12 
Pelagic Producers 
Bacteria 
Microzooplakton 
Mesozooplakton 
Inv. Carnivores 
Pelagic Fish 
Benthis Producers 
Dem. Fish 
Macrofauna 
Meiofauna 
Sedim. C 
DOM 
1 0.73
2 0.14
3 0.05
4 0.2
5 0.007
6 0.56
7 0.01
8 0.15
9 4.8
10 0.32
11 310.0
12 280.0
-1 
1 122.2
2 0.0
3 0.0
4 0.0
5 0.0
6 0.0
7 3.9
8 0.0
9 0.0
10 0.0
11 0.0
12 6.0
-1 
1 0.0
2 0.0
3 0.0
4 0.0
5 0.0
6 0.08
7 0.0
8 0.03
9 0.0
10 0.0
11 0.0
12 0.0
-1 
1 0.03
2 16.0
3 2.7
4 19.9
5 2.4
6 3.0
7 0.9
8 0.4
9 22.3
10 4.35
11 0.0
12 0.0
-1 
1 3 6.0 
1 4 29.6 
1 9 12.8 
1 11 25.3 
1 12 18.0 
2 3 20.0 
3 4 10.3 
3 12 13.0 
4 5 4.0 
4 6 2.8 
4 8 0.3 
4 11 6.45 
4 12 6.45 
5 6 1.0 
5 8 0.03 
5 12 0.57 
6 8 0.01 
6 11 1.17 
7 11 1.5 
7 12 1.5 
8 6 0.04 
8 8 0.01 
8 11 0.1 
9 6 0.42 
9 8 0.23 
9 9 0.78 
9 11 36.0 
10 9 1.55 
10 10 0.08 
10 11 2.45 
11 9 44.6 
11 10 8.35 
12 2 36.0 
12 11 3.0 
-1 
