Calvi Bay _ 473 ,   bay/fjord ,  WetWeight ,  BOX(8.69308 42.5339,8.821139 42.59964) ,  Pinnegar J.K.,Polunin N.V.C.(2004). Predicting indirect effects of fishing in Mediterranean rocky littoral communities using a dynamic simulation model Ecological Modelling. pp 249-267   
27 26 
Cephalopods 
Sea Birds 
Piscivores 
M-carnivores 
Inv. Feeders 1 
Inv. Feeders 2 
Inv. Feeders 3 
D. puntazzo 
Inv. Feeders 4 
Blennies 
Herb. Fish 
Plankt. Fish 
Mugil spp. 
Pel. Bacteria 
Zooplankton 
Macro-Plankton 
Protozoa 
Susp. Feeders 
Echinoderms 
Ot. Crustacea 
Amphipods 
Decapods 
Polychaetes 
Gastropods 
Phytoplankton PrimProd 
Macroalgae PrimProd 
Detritus 
1 6.678
2 0.009
3 1.922
4 2.312
5 12.3852739
6 2.9
7 7.472
8 0.64
9 0.036
10 0.6173874
11 4.74
12 15.401
13 0.153
14 0.8756016
15 3.26290822
16 0.745
17 1.42766464
18 70.0
19 64.426
20 10.002
21 21.4013672
22 24.63
23 62.339
24 76.38921
25 5.37493324
26 970.744751
27 230.85
-1 
1 0.0
2 0.15336
3 3.2874849
4 3.31483
5 3.096813885956
6 4.66842
7 10.6834656
8 0.0
9 0.03452436
10 0.813160653428382
11 17.09955
12 142.5454956
13 1.0510488
14 0.0
15 166.40831922
16 41.98075
17 85.6598784
18 350.0
19 24.288086592
20 462.604990472595
21 37.228106271744
22 41.366835971163
23 0.0
24 0.0
25 726.5834753832
26 1832.3777919876
27 0.0
-1 
1 0.0
2 0.0
3 0.531
4 0.532
5 0.192
6 0.039
7 0.122
8 0.008
9 0.065
10 0.0
11 0.074
12 0.354
13 0.022
14 0.0
15 0.0
16 0.0
17 0.0
18 0.0
19 0.0
20 0.0
21 0.0
22 0.0
23 0.0
24 0.0
25 0.0
26 0.0
27 106.370525531154
-1 
1 24.7439156
2 0.59076
3 6.93968153
4 10.0125322
5 62.38324
6 12.6846247
7 41.78576
8 2.97009158
9 0.170019925
10 6.847349
11 21.9521236
12 126.214165
13 0.4957429
14 748.1473
15 171.89
16 26.7455025
17 40.688446
18 455.0
19 62.5061073
20 538.767761
21 147.094147
22 255.893372
23 294.8136
24 361.1071
25 121.0972458972
26 305.3962986646
27 0.0
-1 
1 3 0.2629988 
1 4 0.05303728 
1 5 0.07742035 
1 7 5.234898 
1 27 4.19306 
2 27 0.12924 
3 27 1.922133 
4 2 0.0612 
4 3 0.08453533 
4 27 2.569053 
5 2 0.13392 
5 3 3.428377 
5 4 1.286154 
5 5 0.07742035 
5 9 0.000265572 
5 22 0.9295918 
5 27 8.98938 
6 2 0.02808 
6 3 0.04696407 
6 27 2.762733 
7 2 0.1404 
7 3 0.4132838 
7 4 1.007708 
7 5 0.07742035 
7 27 9.87076 
8 2 0.00216 
8 3 0.009392814 
8 27 0.6973957 
9 27 0.03055206 
10 3 0.09392814 
10 4 0.1060746 
10 5 0.1548407 
10 27 0.9294162 
11 2 0.04392 
11 3 0.02817844 
11 27 34.90028 
12 2 0.08424 
12 3 0.7702107 
12 4 1.074005 
12 12 0.1583839 
12 27 29.72889 
13 2 0.07272 
13 27 0.7233481 
14 17 107.0748 
14 18 54.6 
14 19 1.964478 
14 22 1.859184 
14 23 71.40424 
14 27 677.481 
15 9 0.0151376 
15 10 0.1301058 
15 12 12.67072 
15 13 0.0840839 
15 15 2.218778 
15 16 9.387 
15 18 18.2 
15 19 0.1785889 
15 20 8.32689 
15 21 11.16843 
15 22 26.49337 
15 23 66.11504 
15 27 227.8163 
16 12 2.058991 
16 16 0.5215 
16 18 3.5 
16 22 6.507141 
16 27 12.81687 
17 15 132.572 
17 17 21.41497 
17 18 48.3 
17 20 8.32689 
17 22 1.394388 
17 27 175.6028 
18 1 24.88704 
18 5 6.038788 
18 6 6.535788 
18 7 6.356662 
18 8 2.499813 
18 10 0.3252644 
18 11 0.8549775 
18 19 5.179077 
18 22 15.80306 
18 23 10.57841 
18 24 45.24317 
18 27 120.698 
19 5 3.561336 
19 6 2.131912 
19 7 0.8546772 
19 8 0.01474816 
19 22 2.32398 
19 23 13.22301 
19 24 12.65544 
19 27 81.31767 
20 4 0.1856305 
20 5 4.025858 
20 6 0.466842 
20 7 3.258457 
20 8 0.0368704 
20 9 0.1009174 
20 10 2.699694 
20 11 0.113997 
20 12 0.4751517 
20 13 0.005255244 
20 18 7.0 
20 19 0.5357666 
20 22 79.01532 
20 23 66.11504 
20 24 4.519797 
20 27 218.8129 
21 4 0.0662966 
21 5 9.909804 
21 6 0.1244912 
21 7 0.8546772 
21 8 0.01474816 
21 9 0.03266536 
21 10 0.4309753 
21 11 0.227994 
21 12 0.3167678 
21 22 109.6918 
21 23 59.50354 
21 24 1.807919 
21 27 135.2755 
22 1 6.567412 
22 3 0.958067 
22 4 6.099287 
22 5 6.812991 
22 6 0.1711754 
22 7 4.273387 
22 9 0.02124576 
22 10 0.03252645 
22 11 0.113997 
22 22 40.90204 
22 24 7.231675 
22 27 136.1835 
23 3 0.009392814 
23 5 35.07142 
23 6 0.2645438 
23 7 2.510614 
23 8 0.1216723 
23 9 0.000265572 
23 10 1.325452 
23 11 0.113997 
23 19 0.1785889 
23 21 13.49519 
23 22 5.112754 
23 23 59.50354 
23 24 75.93259 
23 27 712.1955 
24 1 3.11088 
24 4 0.05303728 
24 5 0.8516238 
24 6 0.09336842 
24 7 17.36063 
24 10 0.04065805 
24 11 0.113997 
24 12 0.1583839 
24 22 27.88775 
24 23 13.22301 
24 24 75.93259 
24 27 318.1954 
25 13 0.1418916 
25 15 253.4953 
25 17 85.65988 
25 18 126.7 
25 20 16.65378 
25 23 92.56105 
25 27 30.27431 
26 4 0.01325932 
26 5 7.664614 
26 6 1.10486 
26 7 2.029858 
26 8 0.9991878 
26 9 0.000796716 
26 10 2.333772 
26 11 37.73301 
26 13 0.03153146 
26 16 0.26075 
26 19 132.3344 
26 20 410.7932 
26 21 232.6757 
26 22 29.28214 
26 23 198.3451 
26 24 395.0302 
26 27 76.34907 
27 9 0.0597537 
27 11 0.6269835 
27 14 1662.531 
27 17 128.4898 
27 18 91.7 
27 19 13.92993 
27 20 19.42941 
27 21 170.7839 
27 22 76.69134 
27 23 550.0772 
27 24 199.775 
-1 
