Campeche _ 323 ,   beach ,  DryWeight ,  BOX(-90.5527267277669 20.7482142629313,-90.3551362564107 21.0135300474614) ,  Vega-Cendejas M.E.,Arreguın-Sánchez F.,Hernández M.(1993). Trophic fluxes on the Campeche Bank, Mexico . pp 206-213. In Christensen V.,Pauly D.,Christensen V.,Pauly D.,Christensen V.,Pauly D.   
19 18 
B. chrysoura 
H. jaguana 
H. plumieri 
Mojarra 
Other fishes 
O. chrysoptera 
Catfish 
L. rhomboides 
O. oglinum 
A. quadricornis 
Decapoda 
A. rhomboidalis 
Microcrustacean 
Molluscs 
Worms 
Copepoda 
Phytoplankton PrimProd 
Benthic prod. PrimProd 
Detritus 
1 0.07974482
2 0.753351569
3 0.361729115
4 0.0656244
5 6.56208038
6 1.90567541
7 0.0994755
8 0.6463617
9 1.51808131
10 0.09968103
11 3.712162
12 0.307017565
13 10.3111134
14 21.1837311
15 19.3528748
16 2.51440716
17 7.80491161
18 8.895316
19 12.4
-1 
1 0.0
2 0.0
3 0.0
4 0.0
5 0.0
6 0.0
7 0.0
8 0.0
9 0.0
10 0.0
11 0.0
12 0.0
13 0.0
14 0.0
15 0.0
16 0.0
17 434.792894005236
18 133.42974
19 150.0
-1 
1 0.1
2 0.17
3 0.4
4 0.14
5 0.2
6 1.7
7 0.11
8 0.41
9 1.35
10 0.1
11 0.0
12 0.14
13 0.0
14 0.0
15 0.0
16 0.0
17 0.0
18 0.0
19 14.5662572817644
-1 
1 0.5964913
2 6.83289862
3 2.385965
4 0.97281605
5 28.3481865
6 12.6536846
7 0.6561404
8 5.532856
9 14.2092409
10 0.5964913
11 22.6441879
12 2.726316
13 96.55327
14 109.30806
15 159.661209
16 140.454773
17 72.465482334206
18 22.23829
19 0.0
-1 
1 19 0.1807018 
2 5 0.9449396 
2 7 0.008684211 
2 19 2.063053 
3 19 0.7228071 
4 1 0.004385965 
4 2 0.01001958 
4 7 0.008684211 
4 19 0.2947061 
5 1 0.3026316 
5 2 3.607047 
5 3 0.2807018 
5 4 0.05293264 
5 6 1.213915 
5 7 0.1177193 
5 8 0.8208794 
5 9 2.329344 
5 10 0.05175439 
5 19 9.921866 
6 5 0.4724698 
6 19 3.849464 
7 19 0.1987719 
8 1 0.1 
8 5 0.4724698 
8 19 1.693468 
9 5 0.9449396 
9 7 0.01254386 
9 19 4.280989 
10 19 0.1807018 
11 1 0.1219298 
11 2 0.5711158 
11 3 0.7157896 
11 4 0.2303285 
11 5 7.087048 
11 6 0.1867562 
11 7 0.08684211 
11 8 0.47611 
11 9 0.02079771 
11 10 0.007017545 
11 12 0.01796053 
11 19 8.667898 
12 19 0.7257895 
13 1 0.2166667 
13 2 3.707243 
13 3 1.08772 
13 4 0.8783957 
13 5 7.087048 
13 6 10.58908 
13 7 0.1196491 
13 8 2.388759 
13 9 10.79401 
13 10 0.03245614 
13 11 4.083378 
13 12 0.7615264 
13 15 13.3051 
13 19 41.52285 
14 1 0.07280702 
14 2 0.06011746 
14 3 0.2210527 
14 4 0.03290407 
14 5 14.1741 
14 6 2.09167 
14 7 0.0308772 
14 8 2.323089 
14 9 0.1871794 
14 10 0.2736842 
14 11 14.29182 
14 12 0.8549212 
14 19 38.25782 
15 1 0.04122807 
15 2 1.703328 
15 3 1.122807 
15 4 0.1230326 
15 5 1.889879 
15 6 1.96094 
15 7 0.3724562 
15 8 0.4843188 
15 10 0.1166667 
15 11 4.083378 
15 12 0.03592106 
15 13 38.62543 
15 19 55.88143 
16 4 0.1015734 
16 5 7.087048 
16 9 0.8527063 
16 14 36.43602 
16 19 49.15917 
17 8 0.1231319 
17 13 57.93815 
17 14 63.76303 
17 16 222.3867 
17 19 18.11637 
18 2 0.2304502 
18 3 0.08070177 
18 4 0.0114449 
18 6 0.1867562 
18 7 0.01157895 
18 8 1.239528 
18 9 4.533902 
18 10 0.2903509 
18 12 1.882263 
18 14 45.54502 
18 15 39.9153 
18 16 11.70457 
18 19 5.559573 
19 1 0.01754386 
19 2 0.1302545 
19 5 7.087048 
19 6 2.446506 
19 7 0.1958772 
19 8 0.3529781 
19 9 2.079771 
19 10 0.1052632 
19 11 18.3752 
19 12 0.03951316 
19 13 96.56358 
19 14 36.43602 
19 15 212.8816 
-1 
