Canada, Grand Banks of Newfoundland _ 655 ,   open ocean ,  WetWeight ,  BOX(-60.7741928100586 46,-42 55.3333320617676) ,  Bundy A.(2002). Adaptation of a Newfoundland-Labrador Ecopath model for 1985-1987 in statistical area 2J3KLNO to the area 2J3KL Information supporting past and present ecosystem models of Northern British Columbia and the Newfoundland shelf. pp 13-21. In Pitcher T.,Vasconcellos M.,Heymans S.J.J.,Brignall C.,Haggan N.   
31 30 
Whales 
Harp Seals 
Hooded Seals 
Seabirds 
Cod &gt; 35cm 
Cod &lt;= 35 cm 
G.halibut&gt;40cm 
G.halibut&lt;=40cm 
Aplaice&gt;35cm 
Aplaice&lt;=35cm 
Flounders 
Skates 
Redfish 
L.Dem.Feeders 
S.Dem.Feeders 
Capelin 
Sand lance 
Arctic cod 
L.Pel.Feeders 
Pisc. SPF 
Plankt. SPF 
Shrimp 
Large Crustacea 
Echinoderms 
Molluscs 
Polychaetes 
O.Benthic Inver 
L.Zooplankton 
S.Zooplankton 
Phytoplankton PrimProd 
Detritus 
1 0.146
2 0.24819
3 0.0457474738
4 0.012
5 2.572434
6 0.363
7 0.469
8 0.811
9 0.883
10 0.742
11 0.45802927
12 0.15
13 1.7338773
14 1.020452
15 2.2097156
16 16.0966358
17 1.72196674
18 4.03129673
19 0.0242119767
20 0.9929989
21 3.41752458
22 0.9975682
23 1.98837256
24 70.6
25 16.4
26 8.8
27 2.7
28 23.3340263
29 34.64604
30 27.25
31 389.0
-1 
1 0.0
2 0.0
3 0.0
4 0.0
5 0.0
6 0.0
7 0.0
8 0.0
9 0.0
10 0.0
11 0.0
12 0.0
13 0.0
14 0.0
15 0.0
16 0.0
17 0.0
18 0.0
19 0.0
20 0.0
21 0.0
22 0.0
23 0.0
24 0.0
25 0.0
26 0.0
27 0.0
28 0.0
29 0.0
30 3387.72
31 0.0
-1 
1 0.0
2 0.00120179
3 0.000241392
4 0.001
5 0.6954378
6 3.4018e-06
7 0.04757356
8 0.001016187
9 0.06542623
10 0.016951872
11 0.0181177948
12 0.0136624621
13 0.126988009
14 0.0284263827
15 0.0
16 0.1689799
17 0.0
18 0.0
19 0.002941881
20 0.02060677
21 0.02512709
22 0.004738578
23 0.01804589
24 0.0
25 0.000329295
26 0.0
27 0.0
28 0.0
29 0.0
30 0.0
31 1387.38879395823
-1 
1 1.35686553
2 3.43187237
3 0.474447072
4 0.5226
5 2.852829
6 1.338381
7 0.415721655
8 2.28896618
9 0.937746048
10 1.75393951
11 0.6966624
12 0.299610019
13 2.248839
14 1.03916025
15 3.83017349
16 36.9417839
17 8.581134
18 6.90023565
19 0.0548740253
20 2.58179712
21 7.40463638
22 6.268054
23 6.271327
24 334.17334
25 73.74533
26 138.844452
27 20.25
28 283.9051
29 485.044556
30 564.62
31 0.0
-1 
1 31 0.3574664 
2 31 0.8884104 
3 31 0.1246035 
4 31 0.1334 
5 2 0.05612462 
5 3 0.05567847 
5 31 1.999285 
6 1 0.01235456 
6 2 0.1467875 
6 4 0.003285 
6 5 0.08502942 
6 6 0.01545041 
6 7 0.05261443 
6 8 0.03358333 
6 9 0.0003039413 
6 12 0.02162825 
6 13 0.006935509 
6 14 0.002155194 
6 19 0.0001609143 
6 20 0.01986915 
6 31 0.472128 
7 2 0.03453823 
7 3 0.02514512 
7 31 0.1702035 
8 2 0.3367477 
8 3 0.2017596 
8 5 0.03968039 
8 6 0.004414403 
8 7 0.08792147 
8 8 0.02097054 
8 9 0.02090511 
8 10 0.007761137 
8 12 0.0004325651 
8 31 0.8359975 
9 2 0.003871821 
9 31 0.7589559 
10 2 0.07339375 
10 5 0.06235488 
10 6 0.0006493078 
10 7 0.0006598265 
10 9 0.002164353 
10 10 0.01247326 
10 12 0.0004325651 
10 14 0.001549246 
10 31 0.8475433 
11 2 0.03022095 
11 3 0.09758703 
11 5 0.00187381 
11 6 2.280768e-06 
11 7 0.001680106 
11 9 0.0002199359 
11 12 0.003027956 
11 31 0.2223961 
12 5 5.135022e-05 
12 7 0.0006696799 
12 14 0.0004732474 
12 31 0.1172333 
13 2 0.02158639 
13 3 0.02933596 
13 5 0.05101763 
13 6 0.0001431187 
13 7 0.1775517 
13 8 0.0001049693 
13 10 0.003326202 
13 12 0.0372006 
13 13 0.02427428 
13 14 0.02740678 
13 19 0.0001609143 
13 31 0.7198192 
14 1 0.01311989 
14 31 0.5180016 
15 1 0.01311989 
15 2 0.2029121 
15 3 0.07184318 
15 4 0.010512 
15 5 0.2210765 
15 6 0.05297283 
15 7 0.05947654 
15 8 0.02905738 
15 9 0.0172817 
15 10 0.02494652 
15 11 0.02250756 
15 12 0.04801475 
15 13 0.003467755 
15 14 0.0006619068 
15 15 0.05892575 
15 19 0.002816 
15 20 9.963902e-05 
15 31 1.222709 
16 1 0.9342456 
16 2 1.377212 
16 3 0.004789546 
16 4 0.4599 
16 5 3.871672 
16 6 0.9490966 
16 7 0.2650283 
16 8 3.205867 
16 9 0.7018106 
16 10 1.217944 
16 11 0.006430731 
16 12 0.04887987 
16 13 0.02947591 
16 14 0.03054845 
16 15 0.1178515 
16 16 0.6921553 
16 18 0.4033984 
16 19 0.01166629 
16 20 3.012163 
16 31 14.76464 
17 1 0.0996382 
17 2 0.4101414 
17 4 0.03285 
17 5 0.2324137 
17 6 0.06842324 
17 8 0.0007725626 
17 9 0.1215748 
17 10 0.1141996 
17 11 0.006430731 
17 12 0.04887987 
17 13 0.003467755 
17 14 0.007629515 
17 15 0.02946287 
17 16 0.6921553 
17 19 0.001287314 
17 20 0.01192149 
17 31 2.739362 
18 2 0.945484 
18 3 0.008381703 
18 4 0.03942 
18 5 0.1417157 
18 6 0.07063046 
18 7 0.01850403 
18 8 0.1913282 
18 9 0.001445184 
18 10 0.01524509 
18 12 0.0004325651 
18 15 0.05892575 
18 18 0.0212315 
18 31 2.202768 
19 2 0.004317278 
19 4 0.0006570001 
19 7 0.001284391 
19 31 0.01662394 
20 1 0.17413 
20 2 0.2201811 
20 3 0.01676341 
20 4 0.010512 
20 5 0.01133725 
20 6 0.01103601 
20 7 0.004153771 
20 8 0.03845031 
20 12 0.02508877 
20 15 0.01178515 
20 19 0.0219648 
20 31 0.8241891 
21 1 0.03134189 
21 2 0.1640566 
21 3 0.08800789 
21 4 0.019053 
21 5 0.02834313 
21 6 0.03090081 
21 7 0.01176902 
21 8 0.1153509 
21 12 0.003027956 
21 13 0.8548015 
21 14 0.04389209 
21 15 0.01767772 
21 19 0.01512595 
21 20 0.1748485 
21 31 2.363788 
22 2 0.155422 
22 4 0.003942001 
22 5 0.2380823 
22 6 0.1743689 
22 7 0.009215598 
22 8 0.08530941 
22 9 0.006620263 
22 10 0.04933866 
22 11 0.01393325 
22 12 0.009516433 
22 13 0.1213714 
22 14 0.132837 
22 15 0.1178515 
22 19 0.0009654861 
22 20 0.01793505 
22 21 0.05693028 
22 23 0.1757721 
22 31 2.000956 
23 5 0.2380823 
23 6 0.04855843 
23 7 6.697956e-06 
23 9 0.06295477 
23 10 0.03603385 
23 11 0.001071788 
23 12 0.1345277 
23 14 0.03548716 
23 15 0.05892575 
23 23 0.08788607 
23 31 1.795699 
24 5 0.01700588 
24 8 0.0002777073 
24 9 0.5431618 
24 10 0.3994214 
24 11 0.03965617 
24 12 0.001730261 
24 14 0.3908607 
24 15 0.5892575 
24 23 2.636582 
24 31 131.8754 
25 2 0.0003338271 
25 4 0.0006570001 
25 5 0.06235488 
25 6 0.01324321 
25 7 1.699425e-05 
25 9 0.07217198 
25 10 0.03270765 
25 11 0.05466121 
25 12 0.006488476 
25 14 0.1391651 
25 15 0.5892575 
25 23 1.054633 
25 31 28.09531 
26 5 0.02267451 
26 6 0.03752243 
26 7 1.529647e-05 
26 8 6.26421e-05 
26 9 0.04946431 
26 10 0.3694857 
26 11 0.5455403 
26 12 0.03460521 
26 14 0.1219395 
26 15 1.178515 
26 19 0.0002413714 
26 22 0.1446474 
26 23 2.636582 
26 31 51.56981 
27 2 0.01295183 
27 5 0.06235488 
27 6 0.306801 
27 7 0.0004544218 
27 8 0.0133518 
27 9 0.1423172 
27 10 0.4285255 
27 11 0.3740542 
27 12 0.005623345 
27 14 0.2880894 
27 15 2.474881 
27 19 0.001528686 
27 21 0.5693028 
27 22 0.1446474 
27 23 1.054633 
27 31 7.620483 
28 1 0.2395837 
28 2 0.1252011 
28 4 0.07292701 
28 5 0.2720941 
28 6 0.4259899 
28 7 0.00215235 
28 8 0.1120511 
28 9 0.02359681 
28 10 0.06070318 
28 11 0.007502519 
28 12 0.001730261 
28 13 1.865652 
28 14 0.3470998 
28 15 0.2946287 
28 16 30.03954 
28 17 4.62061 
28 18 6.794078 
28 19 0.02373486 
28 20 0.6874726 
28 21 6.000452 
28 22 1.157179 
28 23 0.1757721 
28 28 22.75068 
28 31 95.00799 
29 1 0.1967983 
29 4 0.003285 
29 5 0.0001401211 
29 6 0.0004668011 
29 7 7.336735e-06 
29 8 3.498978e-05 
29 9 6.849222e-06 
29 12 0.0004325651 
29 13 0.5583085 
29 14 0.02891286 
29 15 0.2946287 
29 16 37.79168 
29 17 8.581134 
29 18 3.397039 
29 19 0.001045943 
29 20 0.04768595 
29 21 4.765064 
29 22 2.314358 
29 23 0.08788607 
29 28 218.4065 
29 31 208.5691 
30 22 0.8196686 
30 28 168.355 
30 29 970.0891 
30 31 1683.836 
31 22 5.062659 
31 23 0.8788607 
31 24 470.6667 
31 25 103.8667 
31 26 195.5555 
31 27 33.75 
31 28 45.50135 
-1 
