Table 2. Flow data for the Durban Eddy Winter carbon network. Rows = prey, Columns = predator. B = biomass, I = import. R = respiration, E = export. 
32 28 
 Diatoms 
 Flagellates 
 Bacteria 
 HM plankton 
 Small copepods 
 Medium copepods 
 Large copepods 
 Other lg zooplankton 
 Sm macrobenthos 
 Lg suspension feeder 
 Echinoderm 
 Mollusc 
 Prawn & shrimp 
 Large crustacean 
 Cuttlefish 
 Other cephalopod 
 Flatfish 
 Gurnard 
 Other benthic carnivorous fish 
 Lizardfish 
 Red tjor-tjor 
 Pinky 
 Other benthopelagic fish 
 Sm pelagic fish 
 Lg pelagic fish 
 Skates and rays 
 Sm benthic shark 
 Large sharks 
 Susp POC 
 Sed POC 
 DOC 
 DIC 
1 2.428
2 1.12
3 0.6
4 0.1964
5 0.152
6 0.132
7 0.151
8 0.092
9 4751.1
10 2658.0
11 282.23
12 271.33
13 470.08
14 83.26
15 606.01
16 400.96
17 254.13
18 287.76
19 50.416
20 25.69
21 255.94
22 9.8137
23 169.73
24 133.23
25 5.6377
26 15.634
27 766.05
28 18.0
29 7.28
30 378.6
31 271.2
32 10642.0
-1 
1 0.0
2 0.0
3 0.0
4 0.0
5 0.0
6 0.0
7 0.0
8 0.0
9 0.0
10 0.0
11 0.0
12 0.0
13 0.0
14 0.0
15 0.0
16 0.0
17 0.0
18 0.0
19 0.0
20 0.0
21 0.0
22 0.0
23 0.0
24 0.0
25 0.0
26 0.0
27 0.0
28 7.43
29 12336.0
30 233567.0
31 414.0
32 2685.0
-1 
1 0.0
2 0.0
3 0.0
4 5.06
5 0.0
6 0.0
7 0.0
8 0.0
9 0.0
10 0.0
11 0.0
12 0.0
13 0.0
14 0.0
15 0.0
16 0.0
17 0.0
18 0.0
19 0.0
20 0.0
21 0.0
22 0.0
23 0.0
24 0.0
25 0.0
26 0.0
27 0.0
28 0.0
29 0.0
30 0.0
31 238.3
32 0.0
-1 
1 361.72
2 175.0
3 31.8
4 14.139
5 13.984
6 12.144
7 13.892
8 0.6716
9 236795.0
10 398.7
11 564.47
12 1101.6
13 1118.8
14 532.86
15 1030.2
16 469.12
17 1086.4
18 641.7
19 142.68
20 95.31
21 721.74
22 31.306
23 449.78
24 927.3
25 35.596
26 18.136
27 1516.8
28 23.346
29 0.0
30 0.0
31 0.0
32 0.0
-1 
1 3 1.935 
1 4 0.8589 
1 5 11.712 
1 6 4.7041 
1 7 5.3812 
1 8 0.1074 
1 11 13.18 
1 24 747.6 
1 29 663.55 
2 3 1.935 
2 4 0.8589 
2 5 8.352 
2 6 3.3545 
2 7 3.8374 
2 8 0.0766 
2 11 9.3988 
2 24 458.11 
2 29 216.01 
3 5 0.7524 
3 6 2.1562 
3 7 2.4666 
3 8 0.0718 
3 10 53.16 
3 29 38.593 
4 5 0.0048 
4 6 0.013 
4 7 0.0148 
4 8 0.0018 
4 9 24.882 
4 11 0.2182 
4 12 0.1654 
4 29 12.783 
5 5 0.5016 
5 6 2.6136 
5 7 1.9932 
5 8 0.2208 
5 24 0.7461 
5 29 5.0207 
6 6 0.2178 
6 7 1.2458 
6 8 0.1056 
6 24 2.9844 
6 29 5.0824 
7 8 0.0784 
7 22 0.4711 
7 24 5.2227 
7 29 5.2509 
8 8 0.0221 
8 22 0.0471 
8 24 0.5969 
8 29 0.5023 
9 9 16732.0 
9 11 340.0 
9 12 420.33 
9 13 2586.4 
9 14 575.94 
9 15 1732.9 
9 16 1080.5 
9 17 1332.3 
9 18 627.45 
9 19 122.53 
9 20 73.515 
9 21 1162.0 
9 22 1.1776 
9 23 591.41 
9 24 149.22 
9 26 5.0249 
9 27 992.65 
9 30 68207.0 
10 11 116.66 
10 12 222.49 
10 13 0.4503 
10 14 199.17 
10 15 42.421 
10 19 9.1935 
10 20 5.5158 
10 21 3.5249 
10 22 18.785 
10 26 13.073 
10 30 299.03 
11 11 2.4422 
11 12 2.4066 
11 13 0.8118 
11 14 21.559 
11 17 99.195 
11 21 44.061 
11 22 0.0635 
11 23 31.57 
11 26 0.8988 
11 27 118.74 
11 30 242.72 
12 13 25.018 
12 14 20.533 
12 17 139.22 
12 18 0.6101 
12 21 441.49 
12 22 5.37 
12 23 11.564 
12 26 0.6128 
12 30 478.9 
13 13 250.18 
13 14 10.266 
13 15 103.85 
13 16 125.82 
13 17 87.013 
13 18 44.754 
13 19 61.29 
13 20 36.772 
13 21 7.0497 
13 22 12.1 
13 23 57.82 
13 26 3.6768 
13 27 315.84 
13 30 632.25 
14 13 5.7349 
14 14 5.1332 
14 15 10.605 
14 16 15.637 
14 17 17.281 
14 18 10.071 
14 19 3.1258 
14 20 1.8754 
14 21 15.862 
14 22 5.3151 
14 23 10.523 
14 27 11.874 
14 28 0.0565 
14 30 186.64 
15 15 192.74 
15 18 258.84 
15 19 12.258 
15 20 7.3544 
15 22 3.2155 
15 23 104.08 
15 25 15.999 
15 26 1.2256 
15 27 37.187 
15 28 0.3878 
15 30 457.54 
16 15 35.204 
16 16 215.69 
16 18 3.9044 
16 19 9.1935 
16 20 5.5158 
16 22 0.0443 
16 23 69.384 
16 25 0.4472 
16 26 7.3536 
16 27 394.18 
16 28 1.8593 
16 30 351.84 
17 17 17.403 
17 18 30.214 
17 19 18.387 
17 20 11.032 
17 26 5.1066 
17 27 208.98 
17 28 0.3935 
17 30 350.16 
18 18 1.77 
18 19 30.645 
18 20 18.386 
18 23 34.692 
18 26 0.6128 
18 28 0.1094 
18 30 279.24 
19 23 26.983 
19 25 3.5589 
19 27 71.243 
19 28 0.2325 
19 30 67.885 
20 15 4.2421 
20 18 19.136 
20 25 1.9424 
20 27 23.748 
20 28 0.2164 
20 30 42.943 
21 23 52.616 
21 28 0.1778 
21 30 991.42 
22 23 5.2616 
22 25 0.5932 
22 28 0.2052 
22 30 9.7401 
23 17 17.403 
23 19 45.968 
23 20 27.579 
23 21 91.83 
23 22 0.4973 
23 23 56.826 
23 25 23.133 
23 26 2.2469 
23 27 106.15 
23 28 5.9115 
23 30 225.0 
24 16 125.82 
24 17 17.403 
24 18 10.241 
24 25 4.4583 
24 27 94.99 
24 28 0.2325 
24 29 155.88 
24 30 155.88 
25 25 0.4942 
25 28 1.6149 
25 30 12.921 
26 26 0.8171 
26 28 9.3271 
26 30 12.369 
27 28 3.1166 
27 30 854.86 
28 28 0.0399 
28 30 7.9686 
29 3 1.29 
29 4 0.5726 
29 5 3.762 
29 6 8.712 
29 7 9.966 
29 8 1.1555 
29 9 11155.0 
29 10 1275.9 
29 11 139.23 
29 12 667.48 
29 24 128.33 
30 3 5.16 
30 4 2.2903 
30 9 305511.0 
30 11 508.02 
30 12 912.22 
31 3 118.68 
31 4 52.678 
32 1 1808.8 
32 2 875.0 
-1 
