Flow network of St Marks, JANUARY Site 3; mgC/m2/[day]. 
51 48 
phytoplankton 
Halodule 
micro-epiphytes 
macro-epiphytes 
benthic algae 
bacterio-plankton 
micro-protozoa 
zooplankton 
epiphyte graz amphipods 
suspension feed molluscs 
suspension feed polychaet 
benthic bacteria 
microfauna 
meiofauna 
deposit feed amphipods 
detritus feed crusracea 
hermit crab 
spider crab 
omnivorous crabs 
blue crab 
isopod 
brittle stars 
herbivorous shrimp 
predatory shrimp 
deposit feed gastropod 
deposit feed polychaetes 
predatory polychaetes 
predatory gastropod 
epiphyte graz gastropod 
other gastropods 
catfish 
tongue fish 
gulf flounder 
southern hake 
atlantic silverside 
gobies & blennies 
pinfish 
spot 
pipefish 
sheepshead minnow 
red drum 
killifish 
herbivorous ducks 
benthos eating birds 
fish eating birds 
fish & crust eat birds 
gulls 
raptors 
DOC 
suspended POC 
sediment POC 
1 81.0
2 35328.0
3 6779.0
4 123.2
5 2009.4
6 10.31
7 3.21
8 0.22
9 338.09
10 1e-05
11 1e-05
12 322.21
13 108.55
14 1749.7
15 13.32
16 0.06
17 1e-05
18 1e-05
19 107.94
20 1e-05
21 6.34
22 25.01
23 1e-05
24 24.53
25 1119.38
26 1e-05
27 101.3
28 382.21
29 6.45
30 1e-05
31 1e-05
32 1e-05
33 1e-05
34 1.08
35 1e-05
36 1e-05
37 0.45
38 60.41
39 1e-05
40 6.19
41 1e-05
42 1.21
43 1e-05
44 1e-05
45 21.27
46 1e-05
47 24.79
48 1e-05
49 2421.0
50 480.0
51 652000.0
-1 
1 28.7
2 151.2
3 7196.2
4 4.88
5 217.02
6 0.0
7 0.0
8 0.0092
9 0.0
10 1e-05
11 1e-05
12 47.336
13 1.751
14 0.0
15 0.0
16 0.018
17 1e-05
18 1e-05
19 0.0
20 1e-05
21 0.0
22 0.0
23 1e-05
24 0.0
25 8.15
26 1e-05
27 0.0881
28 0.0
29 0.54
30 1e-05
31 1e-05
32 1e-05
33 1e-05
34 0.0
35 1e-05
36 1e-05
37 0.0
38 0.59
39 1e-05
40 0.62
41 1e-05
42 0.086
43 1e-05
44 1e-05
45 2.59
46 1e-05
47 3.316
48 1e-05
49 0.0
50 0.0
51 146.24
-1 
1 0.0
2 0.0
3 0.0
4 0.0
5 0.0
6 0.0
7 0.0
8 0.0
9 0.0
10 1e-05
11 1e-05
12 0.0
13 0.0
14 0.0
15 0.0
16 0.0
17 1e-05
18 1e-05
19 0.0
20 1e-05
21 0.0
22 0.0
23 1e-05
24 0.0
25 0.0
26 1e-05
27 0.0
28 0.0
29 0.0
30 1e-05
31 1e-05
32 1e-05
33 1e-05
34 0.0
35 1e-05
36 1e-05
37 0.0
38 0.0
39 1e-05
40 0.0
41 1e-05
42 0.0
43 1e-05
44 1e-05
45 0.0
46 1e-05
47 0.83
48 1e-05
49 1035.76
50 22.39495
51 3228.12
-1 
1 12.5
2 80.5
3 3128.18
4 2.12
5 80.413
6 9.92
7 4.00128
8 0.04
9 22.97
10 0.0
11 0.0
12 89.4
13 5.0
14 54.7499
15 1.85
16 0.007
17 0.0
18 0.0
19 6.4
20 0.0
21 0.89
22 0.73
23 0.0
24 0.72
25 9.8
26 0.0
27 1.24
28 4.14
29 0.07
30 0.0
31 0.0
32 0.0
33 0.0
34 0.0064
35 0.0
36 0.0
37 0.078
38 0.66
39 0.0
40 0.17
41 0.0
42 0.01
43 0.0
44 0.0
45 2.8
46 0.0
47 2.87
48 0.0
49 0.0
50 0.0
51 0.0
-1 
1 7 3.45 
1 8 0.081 
1 49 4.05 
1 50 8.619 
2 9 4.21 
2 19 2.55 
2 21 0.67 
2 24 0.01 
2 49 1.4 
2 51 61.86 
3 9 12.63 
3 19 0.51 
3 21 0.67 
3 24 0.08 
3 29 0.2 
3 40 0.405 
3 49 1016.9 
3 51 3036.625 
4 42 0.017 
4 49 0.69 
4 51 2.053 
5 9 12.63 
5 13 2.71 
5 14 32.18 
5 15 0.95 
5 16 0.003 
5 22 0.67 
5 25 9.63 
5 37 0.057 
5 38 0.6 
5 40 0.035 
5 49 34.16 
5 51 42.982 
6 7 3.45 
6 8 0.006 
6 50 8.064 
7 7 0.32 
7 8 0.003 
7 50 3.69575 
8 34 0.0002 
8 37 0.034 
8 40 0.005 
8 50 0.02 
9 19 1.42 
9 24 0.8 
9 27 0.09 
9 37 0.013 
9 38 0.02 
9 40 0.01 
9 42 0.001 
9 50 12.68 
9 51 4.096 
12 9 12.63 
12 13 10.18 
12 14 87.52 
12 15 1.72 
12 16 0.006 
12 19 4.08 
12 22 1.23 
12 24 0.07 
12 25 10.04 
12 27 0.32 
12 40 0.035 
12 42 0.005 
12 51 31.4 
13 13 0.68 
13 14 5.15 
13 15 0.11 
13 16 0.001 
13 22 0.08 
13 25 0.2 
13 27 0.03 
13 51 4.07 
14 14 3.86 
14 24 0.03 
14 25 0.2 
14 27 1.0 
14 37 0.093 
14 38 0.78 
14 40 0.005 
14 42 0.003 
14 51 67.989 
15 19 0.31 
15 24 0.09 
15 27 0.03 
15 37 0.006 
15 40 0.005 
15 42 0.001 
15 51 0.488 
16 38 0.02 
16 51 0.001 
19 24 0.04 
19 51 3.76 
21 51 0.45 
22 51 1.25 
24 34 0.0098 
24 38 0.08 
24 47 0.004 
24 51 0.526 
25 19 1.02 
25 27 1.44 
25 28 7.93 
25 51 8.03 
27 19 0.31 
27 24 0.22 
27 37 0.008 
27 51 1.23 
28 51 4.88 
29 38 0.56 
29 51 0.11 
34 51 0.0106 
37 51 0.133 
38 28 0.73 
38 34 0.007 
38 42 0.003 
38 45 0.18 
38 51 1.07 
40 28 0.27 
40 45 0.03 
40 47 0.38 
40 51 0.27 
42 28 0.09 
42 51 0.016 
49 6 21.44 
50 7 0.8 
50 51 9.8838 
51 12 201.3 
-1 
